CYCLING-MICRO

1    0.000000    0.000000  
2    0.015057    -0.000075 
3    0.033125    -0.000166 
4    0.054204    -0.000271 
5    -0.000041   0.015169  
6    0.015015    0.015094  
7    0.033083    0.015004  
8    0.054162    0.014898  
9    -0.000091   0.033373  
10   0.014965    0.033297  
11   0.033033    0.033207  
12   0.054112    0.033101  
13   -0.000149   0.054610  
14   0.014907    0.054534  
15   0.032975    0.054444  
16   0.054054    0.054338  

CYCLING-SMALL

1    -0.221734   0.334829  
2    1.158569    0.272208  
3    0.884122    -0.282565 
4    0.167760    -0.779521 
5    0.553326    -0.447741 
6    -0.936641   -0.718455 
7    -1.213836   -0.272131 
8    -0.273946   -0.777326 
9    -0.438408   -1.221484 
10   0.052293    1.056511  
11   1.104966    -0.283695 
12   -0.607574   0.114260  
13   -0.770860   -0.774885 
14   0.719430    -0.615439 
15   0.883171    0.051151  
16   -0.053695   -0.555935 
17   0.770693    0.774763  
18   -0.825928   -0.830238 
19   -1.103419   -0.272666 
20   -0.494797   -0.776237 
21   -0.774955   0.782538  
22   0.827328    0.273910  
23   -0.773631   0.281941  
24   0.497493    -0.224981 
25   -1.214835   0.117231  
26   -0.384224   -0.832402 
27   0.001969    -0.723074 
28   -0.830451   0.894053  
29   -0.991709   -0.773810 
30   1.047191    0.606488  
31   -0.883457   0.059994  
32   -1.160205   0.339454  
33   0.111940    -0.556761 
34   1.159213    0.049734  
35   0.774330    -0.504480 
36   0.168064    -0.890762 
37   -0.883312   0.004371  
38   -1.160349   0.395077  
39   0.111788    -0.501140 
40   1.048636    0.105921  
41   -0.992571   -0.440072 
42   0.162693    1.055953  
43   -0.665297   1.060099  
44   -0.718869   0.448535  
45   0.552391    -0.114021 
46   0.608693    -0.503640 
47   -0.992427   -0.495695 
48   -0.388248   0.669381  
49   0.439478    0.776455  
50   -0.163370   -0.833494 
51   -0.334406   1.169692  
52   0.499043    -0.781183 
53   0.661867    0.219136  
54   1.050392    -0.505888 
55   0.660129    0.830948  
56   -1.050087   0.450161  
57   -0.554451   0.892688  
58   -0.716960   -0.274553 
59   -0.552813   0.280853  
60   0.830014    -0.671619 
61   0.109189    0.444411  
62   -0.388098   0.613760  
63   0.443366    -0.614044 
64   0.494050    0.998651  
65   -0.331244   0.001651  
66   -0.608017   0.281125  
67   -0.223400   0.946658  
68   -1.048067   -0.328558 
69   0.000608    -0.222484 
70   0.716915    0.274474  
71   -0.551629   -0.164123 
72   0.496871    -0.002501 
73   1.102879    0.439348  
74   -1.050522   0.617028  
75   -0.664406   0.726371  
76   0.606031    0.441895  
77   -0.441658   0.002198  
78   -0.495239   -0.609371 
79   0.991986    0.606773  
80   -0.939390   0.338376  
81   -0.000914   0.333725  
82   -0.053545   -0.611556 
83   -0.223096   0.835417  
84   -0.385558   -0.331806 
85   0.218048    1.000054  
86   0.720367    -0.949157 
87   0.552547    -0.169641 
88   -0.718574   0.337292  
89   -0.771150   -0.663640 
90   -0.385706   -0.276184 
91   0.333248    -0.724730 
92   0.385212    0.443017  
93   0.664373    -0.670779 
94   0.938698    -0.060370 
95   -0.992427   -0.495695 
96   -0.717399   -0.107686 
97   -0.219330   -0.555112 
98   0.167912    -0.835141 
99   -0.002599   0.945549  
100  -0.498951   0.781172  
101  0.000608    -0.222484 
102  -0.827087   -0.385257 
103  -0.883166   -0.051252 
104  0.162848    1.000333  
105  0.222974    -0.779797 
106  0.939967    -0.505323 
107  -0.774219   0.504429  
108  0.056121    -0.334002 
109  -0.771441   -0.552395 
110  1.157923    0.494682  
111  0.661709    0.274756  
112  0.715172    0.886284  
113  -0.111628   0.445519  
114  0.275884    0.054235  
115  0.112698    -0.834866 
116  -0.827232   -0.329634 
117  -0.553556   0.558961  
118  0.605243    0.719992  
119  -0.328123   -1.166405 
120  0.055512    -0.111518 
121  0.001818    -0.667452 
122  0.830484    -0.838478 
123  0.772438    0.162954  
124  0.715807    0.663808  
125  -0.663961   0.559507  
126  -0.055967   0.278381  
127  -0.994739   0.394268  
128  -0.051894   -1.223390 
129  0.772913    -0.003904 
130  0.604610    0.942468  
131  0.219443    0.499475  
132  -0.496569   -0.108773 
133  -0.883312   0.004371  
134  0.827646    0.162672  
135  0.113303    -1.057350 
136  0.057031    -0.667728 
137  0.439164    0.887694  
138  0.385056    0.498637  
139  -0.331993   0.279758  
140  -0.938228   -0.106604 
141  1.214260    0.105068  
142  -0.719903   0.837887  
143  -0.330497   -0.276457 
144  0.717389    0.107616  
145  0.659970    0.886567  
146  0.278645    -0.946935 
147  1.103683    0.161256  
148  0.275112    0.332336  
149  -0.661605   -0.330446 
150  0.052293    1.056511  
151  -1.105146   0.394808  
152  -1.158770   -0.216775 
153  0.333707    -0.891591 
154  -0.278904   1.058175  
155  0.885070    -0.616281 
156  0.826852    0.440767  
157  -0.994884   0.449891  
158  -0.937505   -0.384718 
159  0.219443    0.499475  
160  0.607287    -0.003061 
161  -0.549717   -0.887210 
162  0.499814    -1.059284 
163  -0.441509   -0.053424 
164  0.937582    0.328963  
165  0.443212    -0.558424 
166  0.163003    0.944713  
167  -0.663813   0.503885  
168  -0.606102   -0.441961 
169  -0.992571   -0.440072 
170  0.056879    -0.612107 
171  -0.884040   0.282483  
172  0.162848    1.000333  
173  0.553326    -0.447741 
174  -0.606248   -0.386339 
175  -0.332895   0.613485  
176  -0.604347   -1.109429 
177  0.993428    0.106204  
178  0.276808    -0.279488 
179  0.109035    0.500032  
180  -0.826362   -0.663370 
181  -0.113153   1.001724  
182  0.719117    -0.504200 
183  0.772755    0.051715  
184  -1.048643   -0.106066 
185  0.334013    -1.002832 
186  -0.826507   -0.607747 
187  -0.334103   1.058451  
188  0.276655    -0.223868 
189  0.774486    -0.560100 
190  0.385678    0.276158  
191  0.223126    -0.835417 
192  -0.163819   -0.666629 
193  1.104806    -0.228076 
194  -0.387797   0.502517  
195  -1.105435   0.506053  
196  -0.719164   0.559779  
197  0.218979    0.666335  
198  0.056879    -0.612107 
199  0.334166    -1.058452 
200  0.609471    -0.781740 
201  -0.660727   -0.664180 
202  0.717547    0.051996  
203  -0.885504   0.838703  
204  -0.608166   0.336747  
205  0.440104    0.553977  
206  0.718490    -0.281721 
207  0.222821    -0.724176 
208  -0.389151   1.003106  
209  -0.880997   -0.885592 
210  -0.609204   0.726098  
211  -1.102847   -0.495159 
212  -0.167135   0.557037  
213  0.223583    -1.002280 
214  -1.159487   0.061340  
215  0.992948    0.273061  
216  -0.939681   0.449621  
217  -0.772314   -0.218660 
218  -0.719903   0.837887  
219  0.223734    -1.057900 
220  0.163467    0.777854  
221  0.663749    -0.448300 
222  -1.160061   0.283831  
223  -0.992427   -0.495695 
224  1.049595    -0.227793 
225  0.554566    -0.892701 
226  0.053831    0.500309  
227  0.002572    -0.945558 
228  0.718019    -0.114862 
229  -0.882151   -0.440610 
230  1.047834    0.384014  
231  0.774957    -0.726959 
232  0.276655    -0.223868 
233  -0.439290   -0.887753 
234  0.384744    0.609877  
235  0.112395    -0.723624 
236  -0.827232   -0.329634 
237  0.885227    -0.671900 
238  0.499197    -0.836803 
239  0.772438    0.162954  
240  0.273248    0.999774  
241  -0.770281   -0.997375 
242  -0.828836   0.282212  
243  0.112092    -0.612382 
244  -0.827523   -0.218389 
245  0.662496    -0.003342 
246  0.052293    1.056511  
247  0.334166    -1.058452 
248  0.716124    0.552570  
249  -0.881285   -0.774347 
250  0.939333    -0.282847 
251  -0.219480   -0.499491 
252  -0.937650   -0.329095 
253  -0.221432   0.223587  
254  -1.159200   -0.049906 
255  -0.991853   -0.718187 
256  0.827170    0.329529  
257  -0.222339   0.557313  
258  -0.827668   -0.162767 
259  0.330162    0.387677  
260  -0.606102   -0.441961 
261  0.660287    0.775329  
262  -0.828836   0.282212  
263  -0.222793   0.724176  
264  -0.276939   0.335104  
265  -0.218137   -1.000085 
266  0.830484    -0.838478 
267  0.332634    -0.502248 
268  -0.715648   -0.775154 
269  0.884596    -0.449423 
270  0.604610    0.942468  
271  0.661394    0.385994  
272  -0.498055   0.447444  
273  0.443212    -0.558424 
274  1.159856    -0.172741 
275  0.774957    -0.726959 
276  -0.605808   -0.553206 
277  -0.442254   0.224684  
278  0.164547    0.388513  
279  -0.329011   -0.832675 
280  -0.718869   0.448535  
281  0.994066    -0.116272 
282  0.829856    -0.616000 
283  -0.660290   -0.831047 
284  -0.277240   0.446347  
285  0.221752    -0.334831 
286  0.162382    1.167192  
287  0.328917    0.832635  
288  -0.828105   0.004101  
289  -0.994884   0.449891  
290  0.058088    -1.057075 
291  0.441196    0.164638  
292  0.940125    -0.560943 
293  -0.002138   0.778689  
294  0.720055    -0.837918 
295  -0.444501   1.059002  
296  0.055817    -0.222760 
297  0.662496    -0.003342 
298  0.718804    -0.392960 
299  -0.331394   0.057272  
300  1.050868    -0.672745 
301  1.104806    -0.228076 
302  -0.167591   0.723899  
303  0.552235    -0.058401 
304  0.498734    -0.669942 
305  -0.221432   0.223587  
306  -0.938663   0.060264  
307  0.883805    -0.171326 
308  0.940441    -0.672181 
309  -0.881862   -0.551855 
310  -0.385112   -0.498671 
311  -0.549864   -0.831588 

CYCLING-MEDIUM

1    3.547330    -4.467394 
2    0.496247    0.219978  
3    1.200878    4.609862  
4    -3.831806   9.750321  
5    3.874996    -3.245752 
6    0.929149    3.221035  
7    -5.521408   0.526357  
8    1.153030    2.163199  
9    1.114216    -3.565158 
10   -5.798590   1.139457  
11   3.869187    -1.410577 
12   -3.904723   -7.045566 
13   8.178635    -1.935391 
14   -5.148551   6.920948  
15   1.762849    1.270155  
16   3.388045    -6.635084 
17   -3.869585   2.354671  
18   3.809489    -0.019958 
19   1.981271    2.047600  
20   2.268425    -1.624518 
21   0.323401    2.779264  
22   1.490629    -0.007597 
23   -3.203333   0.627262  
24   -0.492312   -1.721811 
25   -0.001832   0.667448  
26   -6.900415   0.031509  
27   2.519307    6.381994  
28   1.495960    -1.842990 
29   -1.665593   3.679101  
30   -5.464333   -0.419577 
31   0.000759    -0.278105 
32   -3.474082   -1.707794 
33   -0.328271   -1.110783 
34   4.364554    -0.912782 
35   0.882216    0.384865  
36   0.820901    2.498619  
37   2.414908    4.547706  
38   -0.187259   7.675297  
39   0.450955    -3.395016 
40   -1.938778   2.623695  
41   -5.182163   -3.535981 
42   -1.924930   -2.994273 
43   2.212208    -1.290532 
44   3.592370    -1.186633 
45   0.897488    -5.121256 
46   -0.724233   2.450871  
47   -4.081220   -1.816329 
48   1.479135    3.829857  
49   3.620474    6.987334  
50   -1.025630   -9.560439 
51   5.846686    1.581221  
52   -11.093725  -1.343202 
53   0.095966    5.116131  
54   -2.582379   -5.327314 
55   0.895243    -4.287057 
56   -0.824775   -1.275219 
57   3.312933    -0.128482 
58   -2.696342   -3.769431 
59   -2.435992   2.848562  
60   5.138200    -1.083897 
61   2.766611    -2.016430 
62   0.065056    -3.671208 
63   0.119558    -3.393388 
64   8.775213    0.896565  
65   -1.999233   4.681791  
66   -0.060728   2.002594  
67   4.307689    -0.411974 
68   4.027228    0.924235  
69   0.760643    4.222924  
70   -4.145756   2.467174  
71   -1.656056   -0.047509 
72   -4.252342   0.743286  
73   2.313305    1.767758  
74   5.681668    1.415358  
75   2.647800    0.709303  
76   -2.377513   1.513377  
77   -0.565741   5.008312  
78   5.466664    -0.251623 
79   -0.768697   -1.609223 
80   -4.802914   0.078204  
81   1.210359    1.439897  
82   7.338255    1.294437  
83   -2.310100   -3.604332 
84   3.482280    -1.297265 
85   -1.554655   3.456092  
86   -0.295304   6.897488  
87   0.101549    3.169706  
88   5.942895    -10.761261
89   -2.651207   0.569070  
90   -0.387647   0.446896  
91   3.641874    0.592690  
92   3.478037    0.037462  
93   -4.626354   -5.318328 
94   1.160337    -0.339597 
95   4.846080    3.588769  
96   -0.594539   -4.947206 
97   -1.102704   -0.550782 
98   -2.923066   -1.209672 
99   -1.984298   -1.269670 
100  -3.259303   0.961270  
101  2.197364    3.547953  
102  0.167152    -0.557037 
103  2.863331    2.376519  
104  -0.511666   5.397295  
105  -3.864361   0.018395  
106  8.448023    -0.157823 
107  4.067364    5.372489  
108  2.170195    -5.850485 
109  -2.089043   -3.660974 
110  -0.174837   3.337961  
111  -0.007876   2.836575  
112  0.159572    2.168327  
113  3.076664    4.655262  
114  -3.786748   -10.882577
115  0.865821    5.946172  
116  -1.721784   4.068683  
117  1.215227    -0.228643 
118  -1.066838   6.679034  
119  0.761137    4.056091  
120  5.229611    4.364973  
121  -3.310057   -0.985397 
122  3.247693    2.986117  
123  -2.634095   -6.939908 
124  2.250967    4.048139  
125  2.762187    -0.570438 
126  0.616202    -3.228982 
127  -5.073780   -2.479523 
128  0.602704    1.609889  
129  2.645539    1.432293  
130  3.375823    -2.575774 
131  -2.764665   1.848942  
132  4.808719    -1.638154 
133  -2.873323   1.126350  
134  2.366070    2.546050  
135  4.079472    1.813704  
136  3.381095    -4.299703 
137  -1.544106   -0.659901 
138  0.716441    0.441332  
139  0.545594    2.277581  
140  1.492419    -0.619395 
141  -1.777683   4.347028  
142  2.824528    -2.906542 
143  -3.304257   -3.599817 
144  -7.902000   4.763815  
145  -2.005629   7.128545  
146  -0.606395   -0.330717 
147  -0.560956   3.284302  
148  2.927660    -0.515706 
149  0.776984    -1.450013 
150  5.214402    8.534430  
151  -4.521347   -2.593172 
152  -2.700534   -1.933826 
153  1.208387    2.107294  
154  -1.039622   -3.665892 
155  2.332780    -4.739163 
156  -2.488442   1.736393  
157  1.332030    -2.453939 
158  -4.042746   5.692521  
159  -2.649487   -0.154059 
160  -1.378052   -0.827567 
161  -1.107905   1.451625  
162  -5.353924   -0.420053 
163  -1.000024   2.396625  
164  1.591198    3.273153  
165  -0.243054   7.897968  
166  -0.392491   2.226739  
167  3.183872    5.599897  
168  6.801602    -2.983832 
169  3.880161    -4.913983 
170  -1.057143   3.119936  
171  2.320636    -0.623715 
172  2.917095    2.821108  
173  5.302539    -0.695560 
174  -0.926678   -4.667553 
175  3.634943    2.705927  
176  -0.606837   -0.163851 
177  2.559643    -6.797687 
178  -6.458614   -0.081585 
179  -2.992129   4.630957  
180  2.489314    -1.625674 
181  -3.860715   -1.650430 
182  -3.036053   -0.096639 
183  1.653779    0.825802  
184  0.811328    5.724048  
185  -5.518882   -0.753118 
186  -1.054474   2.118800  
187  -2.663623   5.630404  
188  -0.250090   -10.286617
189  -0.004915   1.779840  
190  -5.017790   -2.869159 
191  -1.101422   -1.051391 
192  -0.585642   -8.617331 
193  4.204996    -2.802650 
194  -6.907322   3.814166  
195  4.616335    6.147676  
196  4.257907    -2.080014 
197  5.968274    -1.589023 
198  2.148056    1.657414  
199  -0.654257   -3.167158 
200  8.238611    -3.214484 
201  1.329498    -1.564054 
202  -2.604978   4.239808  
203  5.842691    2.693332  
204  -3.473591   -1.930301 
205  6.169571    3.859039  
206  -1.375126   -1.995661 
207  -4.634527   -1.257610 
208  -0.380706   -2.167322 
209  3.853286    3.427602  
210  2.384960    -3.682831 
211  3.650405    -2.076736 
212  -2.694471   -4.603760 
213  2.518033    6.771179  
214  -1.156212   -1.217994 
215  3.204783    -0.850872 
216  1.257066    4.275914  
217  0.001818    -0.667452 
218  1.253163    5.554883  
219  3.859412    1.592490  
220  6.356615    -2.091666 
221  2.100940    -1.011873 
222  6.898239    0.852224  
223  -2.309586   -3.826822 
224  2.258624    1.601210  
225  1.875765    0.435325  
226  2.811843    1.208943  
227  -2.653747   1.625929  
228  -1.938495   2.512454  
229  -3.756944   1.352927  
230  -0.059183   1.446405  
231  -0.876863   -2.498643 
232  4.127894    3.815289  
233  1.777039    -3.568499 
234  -3.930363   4.802193  
235  0.658220    1.498370  
236  -2.823894   3.517834  
237  -2.546495   2.904708  
238  2.611416    -5.574687 
239  7.948731    0.456772  
240  3.148869    -0.628118 
241  -0.340692   3.450033  
242  -4.569594   -6.097248 
243  6.079307    -1.756467 
244  9.348484    -4.555179 
245  2.544369    -1.570348 
246  -2.369876   -1.657233 
247  0.442128    -0.169082 
248  -1.270755   0.395614  
249  1.086305    6.000600  
250  3.571755    5.097307  
251  7.715496    3.682922  
252  -1.174557   5.734297  
253  -0.981102   -5.000994 
254  2.606237    -3.795194 
255  -2.096344   -0.601651 
256  -0.715793   -0.719532 
257  -8.938006   -3.187044 
258  7.914953    -5.380771 
259  5.096864    -5.309653 
260  -7.120336   -0.468265 
261  -3.099912   3.574755  
262  -0.700808   -6.670679 
263  3.870961    -1.966699 
264  -2.488986   1.958883  
265  -1.544943   -0.326158 
266  6.025425    -2.145399 
267  -8.504780   2.318788  
268  3.024222    3.821471  
269  -0.432907   -3.335083 
270  -2.247432   -6.886027 
271  1.553733    -2.733145 
272  3.473732    1.372176  
273  2.438234    -3.015757 
274  7.454910    -0.374315 
275  -0.986473   -2.831843 
276  6.346743    0.688637  
277  4.296686    2.869037  
278  4.138931    0.534341  
279  -0.443300   0.614034  
280  -2.595608   0.401936  
281  -0.011186   4.004484  
282  0.504536    -2.783490 
283  -3.644172   0.295529  
284  -1.390442   3.955822  
285  -2.976501   -1.988185 
286  0.950332    -4.231716 
287  0.337501    -2.282095 
288  -1.942481   4.069762  
289  3.988939    -4.358506 
290  -6.250358   6.369719  
291  2.522926    5.269967  
292  -3.485753   3.409703  
293  -3.083212   -3.656434 
294  1.369954    3.441162  
295  -0.785646   4.731376  
296  5.577675    -0.419074 
297  5.528731    -2.253828 
298  -1.818517   -1.326077 
299  -1.323969   -0.382844 
300  -0.810917   -6.836990 
301  4.188935    2.091136  
302  -4.036892   3.134142  
303  9.161260    1.005390  
304  3.927249    -2.300667 
305  -0.327387   -1.444513 
306  -4.247456   -1.537455 
307  1.649431    2.271817  
308  0.397793    -4.173380 
309  -0.878137   -1.998044 
310  0.503630    -2.449777 
311  -2.329259   4.294097  

CYCLING-LARGE

1    -1.646386   -3.996754 
2    1.047352    0.550870  
3    2.620030    9.272110  
4    7.978140    7.016695  
5    7.863208    -6.381066 
6    -8.441178   -3.077690 
7    -11.041464  1.104483  
8    2.470263    4.491797  
9    4.071761    4.093628  
10   -11.429406  2.496629  
11   7.960783    -2.768092 
12   0.149030    5.838736  
13   -0.580356   10.123235 
14   -1.157630   -0.661761 
15   8.730742    -1.883060 
16   7.911588    -4.435688 
17   -7.736615   4.818760  
18   7.673706    0.180408  
19   2.339690    -7.185783 
20   -0.819386   -3.388844 
21   0.756330    5.668735  
22   3.036172    0.095465  
23   -6.406011   1.308923  
24   4.702998    -3.083385 
25   0.106408    1.445568  
26   2.507790    -8.020559 
27   5.383365    7.588497  
28   3.047642    -3.630654 
29   -3.219729   7.468051  
30   -10.763106  -0.843680 
31   0.111788    -0.501140 
32   -6.894676   -3.250716 
33   -0.546231   -2.222136 
34   3.690689    2.538790  
35   1.874258    0.935875  
36   1.806408    5.051466  
37   4.936200    9.203049  
38   -0.726653   3.340750  
39   1.012268    -6.734447 
40   -3.711138   5.412924  
41   4.645776    -2.471389 
42   -3.685861   -5.989826 
43   -10.258507  -7.131679 
44   7.240711    -2.207927 
45   1.905428    -10.129948
46   0.295197    -7.231436 
47   -8.053851   -3.579874 
48   3.011294    7.713491  
49   7.462544    11.743436 
50   -1.594918   -2.439598 
51   10.256246   3.222246  
52   3.594128    -1.742764 
53   0.356245    -9.566783 
54   4.814373    -3.362023 
55   1.900896    -8.406731 
56   10.314719   2.443602  
57   6.736657    -0.258907 
58   1.684629    8.665907  
59   -4.759922   5.751411  
60   10.443411   -2.004594 
61   5.645169    -4.033809 
62   -1.393260   5.012475  
63   -5.174548   -7.596322 
64   8.641063    6.790155  
65   11.471840   2.936428  
66   0.043673    4.115426  
67   8.726485    -0.771083 
68   8.219211    1.900726  
69   0.349046    -6.675644 
70   -8.233434   5.043246  
71   -3.202050   0.071003  
72   -8.337977   1.539329  
73   4.845885    3.644373  
74   -4.051644   9.473416  
75   5.405061    1.583767  
76   -4.698909   3.081514  
77   -1.021376   10.125522 
78   -1.593294   -3.107071 
79   -11.583261  -8.350619 
80   -4.354992   -2.927660 
81   2.640614    2.989449  
82   6.536302    8.970998  
83   -4.512306   -7.154196 
84   7.020576    -2.429067 
85   -3.108609   7.133909  
86   -0.418247   11.233911 
87   0.422867    6.504534  
88   7.448461    1.349380  
89   -5.302313   1.359820  
90   -0.609949   1.004204  
91   4.342079    -11.642198
92   7.121344    0.239276  
93   -0.239829   6.786000  
94   2.486112    -0.568973 
95   4.561033    -10.865396
96   -0.799904   -11.618061
97   -2.205556   -1.101756 
98   -5.791952   -2.309580 
99   -3.858920   -2.484838 
100  -6.352089   1.976223  
101  4.502245    7.204596  
102  0.389229    -1.003109 
103  5.944932    4.916740  
104  -0.968318   10.847767 
105  -7.728582   0.146141  
106  -1.742313   11.685329 
107  -1.541750   -1.605507 
108  -9.665964   3.992056  
109  -3.108057   6.911493  
110  -9.315005   -10.527338
111  -0.969977   -9.727466 
112  0.484273    4.391199  
113  6.368694    9.527778  
114  6.451279    2.300537  
115  4.498859    8.149601  
116  -6.676124   -1.916488 
117  2.651072    -0.347388 
118  -1.960036   10.686095 
119  1.630730    8.277087  
120  3.150260    -1.073033 
121  -3.331662   8.135773  
122  -10.883151  6.721849  
123  -9.163939   0.318668  
124  -2.063868   8.296391  
125  5.745451    -1.031701 
126  1.287515    -6.346555 
127  -10.150842  -4.795810 
128  1.259755    3.386134  
129  5.510129    3.084495  
130  6.919236    -5.041628 
131  -5.527944   3.752639  
132  9.785369    -3.223611 
133  -5.746052   2.474263  
134  4.895558    5.200909  
135  8.377349    3.790029  
136  6.930963    -8.543641 
137  -3.088705   -1.208912 
138  1.597747    1.104176  
139  1.200540    4.721079  
140  10.508051   8.778620  
141  -3.553851   8.803972  
142  5.816773    -5.813906 
143  -6.501441   -7.145984 
144  -2.831607   6.632145  
145  -9.181840   11.718890 
146  -3.936348   7.360232  
147  -1.121839   6.623710  
148  6.021369    -0.977660 
149  -2.536049   -1.433962 
150  -3.928313   3.912319  
151  -8.935254   -5.134089 
152  -5.237070   -3.702627 
153  2.525618    4.435887  
154  -2.025666   -7.220684 
155  4.888177    -9.311023 
156  -4.810223   3.526982  
157  2.885719    -4.908815 
158  -8.024475   11.603078 
159  -5.188647   -0.253881 
160  1.720059    -2.956453 
161  -2.215959   3.125602  
162  -10.542439  -0.733212 
163  -1.999953   4.959856  
164  -2.058881   6.405966  
165  -0.210255   -4.003574 
166  4.917499    -1.138277 
167  6.582032    11.360133 
168  11.568223   -7.013715 
169  7.874533    -9.715688 
170  3.235864    6.544769  
171  -0.674997   4.619595  
172  5.886455    5.806610  
173  8.234368    11.738433 
174  -5.360696   2.917578  
175  7.487798    5.463320  
176  -1.158914   -0.161152 
177  11.131909   4.939724  
178  0.244547    10.785805 
179  -5.870468   9.314930  
180  5.034412    -3.085192 
181  -5.961593   -0.194937 
182  -7.667718   -3.303244 
183  0.099646    3.837078  
184  -9.123894   9.995608  
185  1.447180    -4.122967 
186  -2.053829   4.459605  
187  -5.323877   11.424673 
188  0.068667    -5.061609 
189  -6.838785   -3.640345 
190  -9.984101   -5.630835 
191  -2.203298   -2.047379 
192  -0.300631   8.732148  
193  10.131394   6.613756  
194  8.855467    8.289394  
195  7.423962    -7.212400 
196  8.683430    -3.995393 
197  11.055736   -3.175711 
198  4.349590    3.536006  
199  -1.309783   -6.167354 
200  6.222901    4.359110  
201  -4.987061   8.699444  
202  2.824863    -3.017768 
203  10.135940   5.557679  
204  3.472284    1.817072  
205  11.329587   10.050970 
206  -2.585373   -3.992425 
207  -9.270344   -2.462566 
208  -0.706964   -4.168042 
209  -4.754928   3.471114  
210  4.827018    -7.365249 
211  7.413178    -4.099280 
212  -5.587734   5.977552  
213  0.874620    2.998867  
214  -2.257861   -2.325245 
215  6.630799    -1.537190 
216  2.677409    8.604784  
217  0.113756    -1.224212 
218  11.666595   -3.957633 
219  7.827181    3.348660  
220  3.831437    -7.082130 
221  4.312596    -1.913482 
222  8.416959    7.625298  
223  -4.621973   -7.598633 
224  4.570916    3.367930  
225  3.861429    0.980763  
226  5.788096    2.526840  
227  11.277836   -3.455000 
228  -3.710352   5.079244  
229  -7.512610   2.926694  
230  0.046838    3.003142  
231  -1.754628   -4.941770 
232  11.531633   1.879875  
233  2.613079    11.328401 
234  -7.800768   9.823502  
235  1.425980    3.162807  
236  -5.479788   7.089244  
237  -5.091224   5.919735  
238  5.280264    -11.035703
239  9.402058    -4.110781 
240  6.463543    -1.091397 
241  4.048331    10.764379 
242  -11.330914  11.838143 
243  -5.306559   3.417941  
244  -1.909177   -9.945634 
245  11.066303   -5.843714 
246  -4.575101   -3.316085 
247  0.994225    -0.171891 
248  -2.486279   0.846415  
249  2.283084    11.108006 
250  2.677967    8.438023  
251  0.080350    10.397649 
252  1.461400    9.500900  
253  -7.843855   3.039292  
254  5.269486    -7.478747 
255  -4.193306   -1.037047 
256  -1.266221   -1.384333 
257  -8.939615   -2.074396 
258  -1.255985   -5.555858 
259  -6.725772   -5.142727 
260  -3.134216   -5.602932 
261  -7.846354   4.485492  
262  -3.390380   9.581458  
263  7.854344    -3.879414 
264  -4.921768   4.083677  
265  -2.979816   -0.541903 
266  5.365643    -3.031405 
267  -8.513416   7.546902  
268  6.210317    7.694668  
269  -0.866572   -6.669905 
270  -4.891776   -11.211535
271  3.329183    -5.411551 
272  7.000972    2.908880  
273  4.988299    -5.920655 
274  -2.943164   7.133115  
275  -1.974058   -5.608160 
276  11.096551   0.326160  
277  8.810021    5.955318  
278  8.332437    1.177254  
279  -0.886976   1.394917  
280  -5.135939   0.969705  
281  0.086836    8.229799  
282  1.174620    -5.456281 
283  -7.288066   0.756291  
284  -2.614409   7.965522  
285  -5.844280   -3.866950 
286  2.066853    -8.463133 
287  0.785063    -4.397740 
288  -11.549805  10.671750 
289  -5.526915   3.252041  
290  2.365022    2.879724  
291  5.151592    10.591072 
292  -6.803037   6.983781  
293  -4.545740   8.586235  
294  2.793092    6.992023  
295  -1.460693   9.516350  
296  11.321639   -0.675887 
297  11.281632   -4.399941 
298  -3.582449   -2.652950 
299  -2.537754   -0.710829 
300  -4.151405   4.970055  
301  7.911411    9.851469  
302  -7.905022   6.487891  
303  -2.202770   -2.269877 
304  6.940855    -11.655306
305  -0.544795   -2.778347 
306  1.062625    -4.899624 
307  3.517892    4.708396  
308  0.961043    -8.291008 
309  7.098059    -8.933560 
310  2.021959    6.662729  
311  -6.059226   -7.259003 

REULEAUX-SMALL

1    -0.499250   0.892414  
2    0.776673    -1.338774 
3    0.106873    1.278710  
4    0.169124    -1.280108 
5    0.769095    1.330948  
6    -0.494504   -0.887481 
7    1.157275    0.717155  
8    -0.992427   -0.495695 
9    1.269792    -0.006454 
10   -1.324961   0.006520  
11   1.106241    -0.728646 
12   -1.050232   0.505783  

REULEAUX-MEDIUM

1    -0.778073   1.950574  
2    1.774491    -2.678656 
3    0.489923    2.444715  
4    0.503781    -2.505396 
5    1.758628    2.660530  
6    -0.767837   -1.942956 
7    2.369712    1.378161  
8    -1.929761   -0.991807 
9    2.539450    0.042509  
10   -2.649883   0.012818  
11   2.378035    -1.347016 
12   -1.934850   1.066286  

REULEAUX-LARGE

1    -1.445618   3.956095  
2    3.771018    -5.358241 
3    1.034517    4.888782  
4    1.062775    -4.955236 
5    3.736520    5.318776  
6    -1.425580   -3.942168 
7    4.904382    2.698760  
8    -3.694099   -2.096189 
9    5.189632    0.027983  
10   -5.299611   0.024743  
11   4.922664    -2.695334 
12   -3.703648   2.187042  

2-POINT

1    1.329657    -1.619672 
2    -1.384313   1.619840  

4-POINT-SHORT

1    0.432314    -18.898066
2    -0.461863   -14.508683
3    -3.719808   -17.493731
4    -1.730776   -16.113812
5    0.757247    -15.569200
6    -0.137464   -11.176430
7    -3.393661   -14.162976
8    -1.405606   -12.782373
9    1.081393    -12.237849
10   0.186202    -7.842542 
11   -3.068201   -10.830030
12   -1.081155   -9.449003 
13   1.404774    -8.904660 
14   0.509156    -4.507613 
15   -2.743416   -7.495523 
16   -0.757407   -6.114315 
17   1.727414    -5.570238 
18   0.831423    -1.172195 
19   -2.419290   -4.160046 
20   -0.434341   -2.778883 
21   2.049337    -2.235148 
22   1.153030    2.163199  
23   -2.095803   -0.824151 
24   -0.111932   0.556761  
25   2.370572    1.100086  
26   1.474004    5.498094  
27   -1.772936   2.511652  
28   0.209844    3.892123  
29   2.691151    4.434977  
30   1.794378    8.832060  
31   -1.450665   5.846893  
32   0.531015    7.226750  
33   3.011106    7.769082  
34   2.114187    12.164701 
35   -1.128964   9.181140  
36   0.851613    10.560229 
37   3.330474    11.101995 
38   2.433466    15.495667 
39   -0.807803   12.514002 
40   1.171671    13.892188 

4-POINT-SHORT-64-128-256

1    2.049337    -2.235148 
2    1.153030    2.163199  
3    -2.095803   -0.824151 
4    -0.111932   0.556761  

4-POINT-LONG

1    2.983233    -21.459623
2    1.080456    -11.848881
3    -6.152620   -18.483525
4    -1.732273   -15.336357
5    3.307870    -18.133749
6    1.403765    -8.515511 
7    -5.825424   -15.153215
8    -1.407243   -12.004397
9    3.631642    -14.804852
10   1.726335    -5.180975 
11   -5.498867   -11.820521
12   -1.082928   -8.670653 
13   3.954575    -11.473608
14   2.048193    -1.845834 
15   -5.172944   -8.486087 
16   -0.759309   -5.335728 
17   4.276695    -8.140651 
18   2.369367    1.489390  
19   -4.847642   -5.150519 
20   -0.436365   -2.000188 
21   4.598030    -4.806576 
22   2.689888    4.824218  
23   -4.522949   -1.814380 
24   -0.114072   1.335444  
25   4.918614    -1.471936 
26   3.009791    8.158210  
27   -4.198850   1.521806  
28   0.207595    4.670685  
29   5.238480    1.862755  
30   3.329111    11.490966 
31   -3.875326   4.857554  
32   0.528666    8.005090  
33   5.557666    5.197022  
34   3.647887    14.822124 
35   -3.552356   8.192420  
36   0.849171    11.338256 
37   5.876211    8.530431  
38   3.966162    18.151367 
39   -3.229918   11.526000 
40   1.169145    14.669821 

4-POINT-LONG-64

1    1.384718    -1.564336 
2    -1.439650   1.675730  
3    1.329657    -1.619672 
4    -1.384313   1.619840  

4-POINT-LONG-128-256

1    4.598030    -4.806576 
2    2.689888    4.824218  
3    -4.522949   -1.814380 
4    -0.114072   1.335444  

4-POINT-EXTENDED

1    -0.662407   -25.875968
2    -1.247851   -9.059086 
3    -17.218484  -11.224591
4    -14.781149  -24.166758
5    0.991778    -22.005636
6    0.400425    -5.174440 
7    -15.562071  -7.336700 
8    -13.122480  -20.290811
9    2.643911    -18.130814
10   2.046549    -1.289668 
11   -13.907496  -3.447809 
12   -11.465455  -16.410432
13   4.293909    -14.252674
14   3.690505    2.594400  
15   -12.254850  0.441143  
16   -9.810210   -12.526819
17   5.941713    -10.372303
18   5.332300    6.477023  
19   -10.604204  4.329300  
20   -8.156858   -8.641082 
21   7.587286    -6.490701 
22   6.971964    10.357546 
23   -8.955605   8.215897  
24   -6.505488   -4.754244 
25   9.230615    -2.608780 
26   8.609551    14.235401 
27   -7.309077   12.100254 
28   -4.856168   -0.867242 
29   10.871709   1.272635  
30   10.245137   18.110107 
31   -5.664622   15.981778 
32   -3.208941   3.019074  
33   12.510601   5.152804  
34   11.878822   21.981269 
35   -4.022216   19.859962 
36   -1.563827   6.903943  
37   14.147348   9.031076  
38   13.510727   25.848581 
39   -2.381815   23.734388 
40   0.079175    10.786688 

4-POINT-EXTENDED-128

1    4.597679    -4.695368 
2    4.235197    4.704325  
3    -4.644457   3.414998  
4    -3.303893   -3.766689 

4-POINT-EXTENDED-256

1    7.587286    -6.490701 
2    6.971964    10.357546 
3    -8.955605   8.215897  
4    -6.505488   -4.754244 

CPC

1    2.049337    -2.235148 
2    1.153030    2.163199  
3    -2.095803   -0.824151 
4    -0.111932   0.556761  

